0
19557991
70359676
79004094
81528263
84557792
102900316
118670804
144583352
145466212
184758256
207522579
219359383
356182972
371128911
414208306
425738719
429395165
465605561
465788265
518052818
525792406
540622614
552364038
572299090
586013999
588629129
616794786
635909965
640353684
653041370
653640162
692493423
694774027
721918543
775030023
797738811
808582666
837599163
844461399
856204745
856442345
858324036
874479143
902405360
912683869
916876853
1011274752
1039794184
1042118449
1043106278
1118799305
1134866743
1138901055
1149193536
1155570216
1159256745
1160772540
1170863980
1178674352
1196458443
1219095489
1224343981
1231971339
1237475874
1253227229
1257157950
1265863573
1269731272
1326663151
1342428935
1366925954
1375247007
1385887157
1415440768
1416692641
1455893719
1474647044
1478243113
1482511186
1498443592
1522874936
1535591402
1541487009
1559508372
1578983242
1579106941
1609459036
1717530601
1744978431
1747134758
1785350971
1838224539
1840739090
1877375561
1880563756
1919184105
1925322270
1963414743
1965556752
1970298954
1989293308
1991169461
1996492203
1998211432
2052904854
2093140100
2125709012
2129781337
2130397510
2167675562
2171344981
2203539651
2218993186
2223314491
2224302583
2241801319
2271497180
2289441714
2329206743
2329949789
2339834948
2381072056
2399207218
2404768901
2427543651
2428623843
2446452559
2468168230
2473448936
2480324110
2504350407
2522446286
2531517369
2574163790
2586895748
2590471744
2628749093
2635282199
2636580278
2690637784
2715114305
2771695499
2781075779
2802047185
2804662518
2828981098
2841599480
2868723842
2905039653
2960678386
2963941293
2977975228
2987002866
2987922009
2997158500
3030839044
3032990422
3037050127
3050938827
3069428553
3070737747
3086879172
3095436753
3107829470
3108405021
3109163566
3115852154
3128075160
3131853392
3176229451
3217192942
3218534717
3219370351
3229334271
3314071880
3333350082
3348677950
3357578258
3360601713
3387014121
3402931364
3426258727
3435685941
3441893385
3483753714
3487295321
3489277782
3504710349
3585318177
3601595563
3603954072
3676893637
3694766000
3695989289
3732082121
3771967184
3824633251
3827541963
3843498808
3864336018
3882899405
3884384781
3902250796
3904538909
3928622182
3948879053
3967716413
3971130468
4029464617
4031284281
4042273361
4056893779
4057425874
4066238024
4127096213
4132112222
4146361723
4193183472
4210537267
4214994735
4253915898
4265612740
4294967296
